0.00018553497072746109 0.00018553497072746068 0.00018553497072746068 0.00018553497072746068 0.00018553497072746068 0.00018553497072746068 0.00018553497072746068 0.00018553497072746068 0.00018553497072746068 0.00018553497072746068 0.00018553497072746068 0.00018553497072746068 0.00018553497072746068 0.00018553497072746068 0.00018553497072746068 0.00018553497072746068 0.00018553497072746068 0.00018553497072746068 
0.00018553497072746068 0.00018553497072746068 0.00018553497072746025 0.00018553497072746025 0.00018553497072746025 0.00018553497072746025 0.00018553497072746025 0.00018553497072746025 0.00018553497072746025 0.00018553497072746025 0.00018553497072746025 0.00018553497072746025 0.00018553497072746025 0.00018553497072746025 0.00018553497072746025 0.00018553497072746025 0.00018553497072746025 0.00018553497072746025 
0.00018553497072746025 0.00018553497072746025 0.00018553497072746025 0.00018553497072746025 0.00018553497072746025 0.00018553497072746025 0.00018553497072746025 0.00018553497072746025 0.00018553497072746025 0.00018553497072746025 0.00018553497072746025 0.00018553497072746025 0.00018553497072746025 0.00018553497072746025 0.00018553497072746025 0.00018553497072746025 0.00018553497072746025 0.00018553497072746025 
0.00018553497072746025 0.00018553497072746025 0.00018553497072746025 0.00018553497072746025 0.00018553497072746025 0.00018553497072746025 0.00018553497072746025 0.00018553497072746025 0.00018553497072746025 0.00018553497072746025 0.00018553497072746025 0.00018553497072746025 0.00018553497072746025 0.00018553497072746025 0.00018553497072746025 0.00018553497072746025 0.00018553497072746025 0.00018553497072746025 
0.00018553497072746025 0.00018553497072746025 0.00018553497072746025 0.00018553497072746025 0.00018553497072746025 0.00018553497072746025 0.00018553497072746025 0.00018553497072746025 0.00018553497072746025 0.00018553497072746025 0.00018553497072746025 0.00018553497072746025 0.00018553497072746025 0.00018553497072746025 0.00018553497072746025 0.00018553497072746025 0.00018553497072746025 0.00018553497072746025 
0.00018553497072746025 0.00018553497072746025 0.00018553497072746025 0.00018553497072746025 0.00018553497072746025 0.00018553497072746025 0.00018553497072746025 0.00018553497072746025 0.00018553497072746025 0.00018553497072746025 0.00018553497072746025 0.00018553497072746025 0.00018553497072746025 0.00018553497072746025 0.00018553497072746025 0.00018553497072746025 0.00018553497072746025 0.00018553497072746025 
0.00018553497072746025 0.00018553497072746025 0.00018553497072746025 0.00018553497072746025 0.00018553497072746025 0.00018553497072746025 0.00018553497072746025 0.00018553497072746025 0.00018553497072746025 0.00018553497072746025 0.00018553497072746025 0.00018553497072746025 0.00018553497072746025 0.00018553497072746025 0.00018553497072746025 0.00018553497072746025 0.00018553497072746025 0.00018553497072746025 
0.00018553497072746025 0.00018553497072746025 0.00018553497072746025 0.00018553497072746025 0.00018553497072746025 0.00018553497072746025 0.00018553497072746025 0.00018553497072746025 0.00018553497072746025 0.00018553497072746025 0.00018553497072746025 0.00018553497072746025 0.00018553497072746025 0.00018553497072746025 0.00018553497072746025 0.00018553497072746025 0.00018553497072746025 0.00018553497072746025 
0.00018553497072746025 0.00018553497072746025 0.00018553497072746025 0.00018553497072746025 0.00018553497072746025 0.00018553497072746025 0.00018553497072746025 0.00018553497072746025 0.00018553497072746025 0.00018553497072746025 0.00018553497072746025 0.00018553497072746025 0.00018553497072746025 0.00018553497072746025 0.00018553497072746025 0.00018553497072746025 0.00018553497072746025 0.00018553497072746025 
0.00018553497072746025 0.00018553497072746025 0.00018553497072746025 0.00018553497072746025 0.00018553497072746025 0.00018553497072746025 0.00018553497072746025 0.00018553497072746025 0.00018553497072746025 0.00018553497072746025 0.00018553497072746025 0.00018553497072746025 0.00018553497072746025 0.00018553497072746025 0.00018553497072746025 0.00018553497072746025 0.00018553497072746025 0.00018553497072746025 
0.00018553497072746025 0.00018553497072746025 0.00018553497072746025 0.00018553497072746025 0.00018553497072746025 0.00018553497072746025 0.00018553497072746025 0.00018553497072746025 0.00018553497072746025 0.00018553497072746025 0.00018553497072746025 0.00018553497072746025 0.00018553497072746025 0.00018553497072746025 0.00018553497072746025 0.00018553497072746025 0.00018553497072746025 0.00018553497072746025 
0.00018553497072746025 0.00018553497072746025 0.00018553497072746025 0.00018553497072746025 0.00018553497072746025 0.00018553497072746025 0.00018553497072746025 0.00018553497072746025 0.00018553497072746025 0.00018553497072746025 0.00018553497072746025 0.00018553497072746025 0.00018553497072746025 0.00018553497072746025 0.00018553497072746025 0.00018553497072746594 0.00018553497072746025 0.00018553497072746025 
0.00018553497072746025 0.00018553497072746025 0.00018553497072746025 0.00018553497072746025 0.00018553497072746025 0.00018553497072746025 0.00018553497072746025 0.00018553497072746025 0.00018553497072746025 0.00018553497072746025 0.00018553497072746025 0.00018553497072746025 0.00018553497072746638 0.00018553497072746638 0.00018553497072746068 0.00018553497072746068 0.00018553497072749644 -0.00235010962921413866 
0.00018553497072746594 0.00018553497072746025 0.00018553497072746025 0.00018553497072746025 0.00018553497072746025 0.00018553497072746025 0.00018553497072746025 0.00018553497072746025 0.00018553497072746025 0.00018553497072746678 0.00018553497072746678 0.00018553497072746068 0.00018553497072746068 0.00018553497072751918 -0.00253564459994138659 -0.00253564459994123264 0.00000000000000019720 -0.00000000000000005011 
0.00018553497072746068 0.00018553497072746594 0.00018553497072746025 0.00018553497072746025 0.00018553497072746025 0.00018553497072746025 0.00018553497072746719 0.00018553497072746719 0.00018553497072746068 0.00018553497072746068 0.00018553497072752490 -0.00272117957066880540 -0.00272117957066864017 0.00000000000000022800 -0.00000000000000001670 -0.00000000000000001670 0.00000000000000021156 0.00000000000000019485 
0.00018553497072746109 0.00018553497072746068 0.00018553497072746025 0.00018553497072746762 0.00018553497072746762 0.00018553497072746068 0.00018553497072746068 0.00018553497072753094 -0.00290671454139622334 -0.00290671454139604726 0.00000000000000024170 -0.00000000000000001670 -0.00000000000000001670 0.00000000000000024496 0.00000000000000024496 0.00000000000000000000 -0.00000000000000001670 0.00000000000000027836 
0.00018553497072746887 0.00018553497072746844 0.00018553497072746068 0.00018553497072746068 0.00018553497072753666 -0.00309224951212364128 -0.00309224951212345436 0.00000000000000026166 -0.00000000000000001670 -0.00000000000000001670 0.00000000000000026166 0.00000000000000026166 0.00000000000000000000 0.00000000000000000000 0.00000000000000000000 0.00000000000000000000 0.00000000000000000000 -0.00000000000000001670 
0.00018553497072746928 -0.00327778448285134111 -0.00327778448285094993 -0.00327778448285086146 0.00000000000000027328 -0.00000000000000001670 -0.00000000000000001670 0.00000000000000027836 0.00000000000000027836 0.00000000000000000000 0.00000000000000000000 0.00000000000000000000 0.00000000000000000000 0.00000000000000000000 0.00000000000000000000 0.00000000000000000000 0.00000000000000000000 0.00000000000000000000 
